500 1.000000 1460.000000
1000 1.000000 1460.000000
1500 1.000000 1460.000000
2000 1.000000 1460.000000
2500 1.000000 1460.000000
3000 1.000000 1460.000000
3500 1.000000 1460.000000
4000 1.000000 1460.000000
4500 1.000000 1460.000000
5000 1.000000 1460.000000
5500 1.000000 1460.000000
6000 1.000000 1460.000000
6500 1.000000 1460.000000
7000 1.000000 1460.000000
7500 1.000000 1460.000000
8000 1.000000 1460.000000
8500 1.000000 1460.000000
9000 3.000000 4380.000000
9500 3.000000 4380.000000
10000 3.000000 4380.000000
10500 3.000000 4380.000000
11000 3.000000 4380.000000
11500 3.000000 4380.000000
12000 3.000000 4380.000000
12500 3.000000 4380.000000
13000 3.000000 4380.000000
13500 3.000000 4380.000000
14000 3.000000 4380.000000
14500 3.000000 4380.000000
15000 3.000000 4380.000000
15500 3.000000 4380.000000
16000 3.000000 4380.000000
16500 3.000000 4380.000000
17000 3.000000 4380.000000
17500 3.000000 4380.000000
18000 3.000000 4380.000000
18500 3.000000 4380.000000
19000 3.000000 4380.000000
19500 3.000000 4380.000000
20000 3.000000 4380.000000
20500 3.000000 4380.000000
21000 3.000000 4380.000000
21500 3.000000 4380.000000
22000 3.000000 4380.000000
22500 3.000000 4380.000000
23000 3.000000 4380.000000
23500 3.000000 4380.000000
24000 3.000000 4380.000000
24500 3.000000 4380.000000
25000 3.000000 4380.000000
25500 3.000000 4380.000000
26000 3.000000 4380.000000
26500 6.143221 8969.103092
27000 6.143221 8969.103092
27500 6.143221 8969.103092
28000 6.143221 8969.103092
28500 6.143221 8969.103092
29000 6.143221 8969.103092
29500 6.143221 8969.103092
30000 6.143221 8969.103092
30500 6.143221 8969.103092
31000 6.143221 8969.103092
31500 6.143221 8969.103092
32000 6.143221 8969.103092
32500 6.143221 8969.103092
33000 6.143221 8969.103092
33500 6.143221 8969.103092
34000 6.143221 8969.103092
34500 8.000380 11680.554295
35000 8.000380 11680.554295
35500 8.000380 11680.554295
36000 8.000380 11680.554295
36500 8.000380 11680.554295
37000 8.000380 11680.554295
37500 8.000380 11680.554295
38000 8.000380 11680.554295
38500 8.000380 11680.554295
39000 8.000380 11680.554295
39500 8.000380 11680.554295
40000 8.000380 11680.554295
40500 8.000380 11680.554295
41000 8.000380 11680.554295
41500 8.000380 11680.554295
42000 8.000380 11680.554295
42500 9.601548 14018.259570
43000 9.601548 14018.259570
43500 9.601548 14018.259570
44000 9.601548 14018.259570
44500 9.601548 14018.259570
45000 9.601548 14018.259570
45500 9.601548 14018.259570
46000 9.601548 14018.259570
46500 9.601548 14018.259570
47000 9.601548 14018.259570
47500 9.601548 14018.259570
48000 9.601548 14018.259570
48500 9.601548 14018.259570
49000 9.601548 14018.259570
49500 9.601548 14018.259570
50000 9.601548 14018.259570
50500 10.877273 15880.818868
51000 10.877273 15880.818868
51500 10.877273 15880.818868
52000 10.877273 15880.818868
52500 10.877273 15880.818868
53000 10.877273 15880.818868
53500 10.877273 15880.818868
54000 11.329429 16540.966680
54500 11.329429 16540.966680
55000 11.329429 16540.966680
55500 11.329429 16540.966680
56000 11.329429 16540.966680
56500 11.329429 16540.966680
57000 11.329429 16540.966680
57500 11.329429 16540.966680
58000 11.329429 16540.966680
58500 11.329429 16540.966680
59000 11.329429 16540.966680
59500 11.329429 16540.966680
60000 11.329429 16540.966680
60500 11.329429 16540.966680
61000 11.329429 16540.966680
61500 11.329429 16540.966680
62000 11.329429 16540.966680
62500 12.100498 17666.727055
63000 12.100498 17666.727055
63500 12.100498 17666.727055
64000 12.100498 17666.727055
64500 12.100498 17666.727055
65000 12.100498 17666.727055
65500 12.100498 17666.727055
66000 12.100498 17666.727055
66500 12.100498 17666.727055
67000 12.100498 17666.727055
67500 12.100498 17666.727055
68000 12.588157 18378.708933
68500 12.588157 18378.708933
69000 12.588157 18378.708933
69500 12.588157 18378.708933
70000 12.588157 18378.708933
70500 13.057504 19063.955812
71000 13.057504 19063.955812
71500 13.057504 19063.955812
72000 13.057504 19063.955812
72500 13.057504 19063.955812
73000 13.057504 19063.955812
73500 13.057504 19063.955812
74000 13.057504 19063.955812
74500 13.057504 19063.955812
75000 13.057504 19063.955812
75500 13.057504 19063.955812
76000 13.057504 19063.955812
76500 13.057504 19063.955812
77000 13.057504 19063.955812
77500 13.057504 19063.955812
78000 13.057504 19063.955812
78500 13.057504 19063.955812
79000 13.134088 19175.768912
79500 13.210226 19286.930035
80000 13.210226 19286.930035
80500 13.210226 19286.930035
81000 13.210226 19286.930035
81500 13.210226 19286.930035
82000 13.210226 19286.930035
82500 13.210226 19286.930035
83000 13.210226 19286.930035
83500 13.210226 19286.930035
84000 13.210226 19286.930035
84500 13.210226 19286.930035
85000 13.210226 19286.930035
85500 13.210226 19286.930035
86000 13.210226 19286.930035
86500 13.210226 19286.930035
87000 13.210226 19286.930035
87500 13.210226 19286.930035
88000 14.233231 20780.517016
88500 14.233231 20780.517016
89000 14.233231 20780.517016
89500 14.233231 20780.517016
90000 14.233231 20780.517016
90500 14.233231 20780.517016
91000 14.233231 20780.517016
91500 14.233231 20780.517016
92000 14.233231 20780.517016
92500 14.649702 21388.564983
93000 14.649702 21388.564983
93500 14.649702 21388.564983
94000 14.649702 21388.564983
94500 14.649702 21388.564983
95000 14.649702 21388.564983
95500 14.649702 21388.564983
96000 14.649702 21388.564983
96500 14.649702 21388.564983
97000 14.649702 21388.564983
97500 14.649702 21388.564983
98000 14.649702 21388.564983
98500 14.649702 21388.564983
99000 14.649702 21388.564983
99500 14.649702 21388.564983
100000 14.649702 21388.564983
100500 14.649702 21388.564983
101000 15.054604 21979.721561
101500 15.054604 21979.721561
102000 15.054604 21979.721561
102500 15.054604 21979.721561
103000 15.054604 21979.721561
103500 15.054604 21979.721561
104000 15.054604 21979.721561
104500 15.054604 21979.721561
105000 15.513581 22649.828115
105500 15.513581 22649.828115
106000 15.513581 22649.828115
106500 15.513581 22649.828115
107000 15.513581 22649.828115
107500 15.513581 22649.828115
108000 15.513581 22649.828115
108500 15.513581 22649.828115
109000 15.513581 22649.828115
109500 15.513581 22649.828115
110000 15.513581 22649.828115
110500 15.513581 22649.828115
111000 15.513581 22649.828115
111500 15.513581 22649.828115
112000 15.513581 22649.828115
112500 15.959310 23300.592629
113000 15.959310 23300.592629
113500 15.959310 23300.592629
114000 15.959310 23300.592629
114500 15.959310 23300.592629
115000 15.959310 23300.592629
115500 15.959310 23300.592629
116000 15.959310 23300.592629
116500 15.959310 23300.592629
117000 15.959310 23300.592629
117500 15.959310 23300.592629
118000 15.959310 23300.592629
118500 15.959310 23300.592629
119000 15.959310 23300.592629
119500 15.959310 23300.592629
120000 15.959310 23300.592629
120500 15.959310 23300.592629
121000 15.959310 23300.592629
121500 15.959310 23300.592629
122000 16.815229 24550.233917
122500 16.815229 24550.233917
123000 16.815229 24550.233917
123500 16.815229 24550.233917
124000 16.815229 24550.233917
124500 16.815229 24550.233917
125000 16.815229 24550.233917
125500 17.285240 25236.450836
126000 17.285240 25236.450836
126500 17.285240 25236.450836
127000 17.285240 25236.450836
127500 17.285240 25236.450836
128000 17.285240 25236.450836
128500 17.285240 25236.450836
129000 17.285240 25236.450836
129500 17.285240 25236.450836
130000 17.285240 25236.450836
130500 17.285240 25236.450836
131000 17.285240 25236.450836
131500 17.285240 25236.450836
132000 17.285240 25236.450836
132500 17.285240 25236.450836
133000 17.629500 25739.070623
133500 17.629500 25739.070623
134000 17.629500 25739.070623
134500 17.629500 25739.070623
135000 17.629500 25739.070623
135500 17.629500 25739.070623
136000 17.629500 25739.070623
136500 17.629500 25739.070623
137000 17.629500 25739.070623
137500 17.629500 25739.070623
138000 17.629500 25739.070623
138500 17.629500 25739.070623
139000 17.629500 25739.070623
139500 17.629500 25739.070623
140000 17.629500 25739.070623
140500 18.407676 26875.207374
141000 18.407676 26875.207374
141500 18.407676 26875.207374
142000 18.407676 26875.207374
142500 18.407676 26875.207374
143000 18.407676 26875.207374
143500 18.407676 26875.207374
144000 18.407676 26875.207374
144500 18.407676 26875.207374
145000 18.407676 26875.207374
145500 18.837879 27503.303194
146000 18.837879 27503.303194
146500 18.837879 27503.303194
147000 18.837879 27503.303194
147500 18.837879 27503.303194
148000 18.837879 27503.303194
148500 18.837879 27503.303194
149000 18.837879 27503.303194
149500 18.837879 27503.303194
150000 18.837879 27503.303194
150500 18.837879 27503.303194
151000 18.837879 27503.303194
151500 18.837879 27503.303194
152000 19.101822 27888.660547
152500 19.101822 27888.660547
153000 19.101822 27888.660547
153500 19.101822 27888.660547
154000 19.101822 27888.660547
154500 19.101822 27888.660547
155000 19.101822 27888.660547
155500 19.101822 27888.660547
156000 19.101822 27888.660547
156500 19.101822 27888.660547
157000 19.101822 27888.660547
157500 19.101822 27888.660547
158000 19.101822 27888.660547
158500 19.101822 27888.660547
159000 19.101822 27888.660547
159500 19.101822 27888.660547
160000 19.101822 27888.660547
160500 19.101822 27888.660547
161000 19.101822 27888.660547
161500 19.101822 27888.660547
162000 19.822126 28940.303952
162500 19.822126 28940.303952
163000 19.822126 28940.303952
163500 19.822126 28940.303952
164000 19.822126 28940.303952
164500 19.822126 28940.303952
165000 19.822126 28940.303952
165500 19.822126 28940.303952
166000 19.822126 28940.303952
166500 19.822126 28940.303952
167000 19.822126 28940.303952
167500 19.822126 28940.303952
168000 19.822126 28940.303952
168500 19.822126 28940.303952
169000 19.822126 28940.303952
169500 20.468239 29883.628454
170000 20.468239 29883.628454
170500 20.468239 29883.628454
171000 20.468239 29883.628454
171500 20.468239 29883.628454
172000 20.468239 29883.628454
172500 20.468239 29883.628454
173000 20.468239 29883.628454
173500 20.468239 29883.628454
174000 20.468239 29883.628454
174500 20.468239 29883.628454
175000 20.468239 29883.628454
175500 20.468239 29883.628454
176000 20.468239 29883.628454
176500 20.468239 29883.628454
177000 20.468239 29883.628454
177500 20.468239 29883.628454
178000 20.951663 30589.427373
178500 20.951663 30589.427373
179000 20.951663 30589.427373
179500 20.951663 30589.427373
180000 20.951663 30589.427373
180500 20.951663 30589.427373
181000 20.951663 30589.427373
181500 20.951663 30589.427373
182000 20.951663 30589.427373
182500 20.951663 30589.427373
183000 20.951663 30589.427373
183500 20.951663 30589.427373
184000 20.951663 30589.427373
184500 20.951663 30589.427373
185000 20.951663 30589.427373
185500 20.951663 30589.427373
186000 20.951663 30589.427373
186500 20.951663 30589.427373
187000 20.951663 30589.427373
187500 20.951663 30589.427373
188000 20.951663 30589.427373
188500 21.141930 30867.218195
189000 21.141930 30867.218195
189500 21.141930 30867.218195
190000 21.141930 30867.218195
190500 21.141930 30867.218195
191000 21.141930 30867.218195
191500 21.141930 30867.218195
192000 21.141930 30867.218195
192500 21.141930 30867.218195
193000 21.141930 30867.218195
193500 21.141930 30867.218195
194000 21.141930 30867.218195
194500 21.141930 30867.218195
195000 21.141930 30867.218195
195500 21.141930 30867.218195
196000 21.141930 30867.218195
196500 21.141930 30867.218195
197000 21.141930 30867.218195
197500 21.141930 30867.218195
198000 15.783512 23043.928012
198500 15.783512 23043.928012
199000 15.783512 23043.928012
199500 15.783512 23043.928012
200000 15.783512 23043.928012
200500 15.783512 23043.928012
201000 15.783512 23043.928012
201500 15.783512 23043.928012
202000 15.783512 23043.928012
202500 15.783512 23043.928012
203000 15.783512 23043.928012
203500 15.783512 23043.928012
204000 15.783512 23043.928012
204500 15.783512 23043.928012
205000 15.783512 23043.928012
205500 15.783512 23043.928012
206000 15.783512 23043.928012
206500 15.783512 23043.928012
207000 15.783512 23043.928012
207500 15.783512 23043.928012
208000 15.283512 22313.928012
208500 15.283512 22313.928012
209000 15.283512 22313.928012
209500 15.283512 22313.928012
210000 15.283512 22313.928012
210500 15.283512 22313.928012
211000 15.283512 22313.928012
211500 15.283512 22313.928012
212000 15.283512 22313.928012
212500 15.283512 22313.928012
213000 16.113309 23525.431192
213500 16.113309 23525.431192
214000 16.113309 23525.431192
214500 16.113309 23525.431192
215000 16.113309 23525.431192
215500 16.113309 23525.431192
216000 16.113309 23525.431192
216500 16.113309 23525.431192
217000 16.113309 23525.431192
217500 16.113309 23525.431192
218000 16.113309 23525.431192
218500 16.113309 23525.431192
219000 16.113309 23525.431192
219500 16.113309 23525.431192
220000 16.113309 23525.431192
220500 16.603275 24240.781408
221000 16.603275 24240.781408
221500 16.603275 24240.781408
222000 16.603275 24240.781408
222500 16.603275 24240.781408
223000 16.603275 24240.781408
223500 16.603275 24240.781408
224000 16.603275 24240.781408
224500 16.603275 24240.781408
225000 16.603275 24240.781408
225500 16.603275 24240.781408
226000 16.603275 24240.781408
226500 16.603275 24240.781408
227000 16.603275 24240.781408
227500 16.603275 24240.781408
228000 16.961430 24763.688273
228500 16.961430 24763.688273
229000 16.961430 24763.688273
229500 16.961430 24763.688273
230000 16.961430 24763.688273
230500 16.961430 24763.688273
231000 16.961430 24763.688273
231500 16.961430 24763.688273
232000 16.961430 24763.688273
232500 16.961430 24763.688273
233000 16.961430 24763.688273
233500 17.369915 25360.076311
234000 17.369915 25360.076311
234500 17.369915 25360.076311
235000 17.369915 25360.076311
235500 17.369915 25360.076311
236000 17.369915 25360.076311
236500 17.369915 25360.076311
237000 17.369915 25360.076311
237500 17.369915 25360.076311
238000 17.369915 25360.076311
238500 17.369915 25360.076311
239000 17.369915 25360.076311
239500 17.369915 25360.076311
240000 17.369915 25360.076311
240500 17.712524 25860.285639
241000 17.712524 25860.285639
241500 17.712524 25860.285639
242000 17.712524 25860.285639
242500 17.712524 25860.285639
243000 17.712524 25860.285639
243500 17.712524 25860.285639
244000 17.712524 25860.285639
244500 17.712524 25860.285639
245000 17.712524 25860.285639
245500 17.712524 25860.285639
246000 17.712524 25860.285639
246500 17.712524 25860.285639
247000 17.712524 25860.285639
247500 17.712524 25860.285639
248000 18.487195 26991.305250
248500 18.487195 26991.305250
249000 18.487195 26991.305250
249500 18.487195 26991.305250
250000 18.487195 26991.305250
250500 18.487195 26991.305250
251000 18.487195 26991.305250
251500 18.487195 26991.305250
252000 18.487195 26991.305250
252500 18.487195 26991.305250
253000 18.968451 27693.938270
253500 18.968451 27693.938270
254000 18.968451 27693.938270
254500 18.968451 27693.938270
255000 18.968451 27693.938270
255500 18.968451 27693.938270
256000 18.968451 27693.938270
256500 18.968451 27693.938270
257000 18.968451 27693.938270
257500 18.968451 27693.938270
258000 18.968451 27693.938270
258500 18.968451 27693.938270
259000 18.968451 27693.938270
259500 18.968451 27693.938270
260000 18.968451 27693.938270
260500 18.968451 27693.938270
261000 18.968451 27693.938270
261500 18.968451 27693.938270
262000 19.230597 28076.672068
262500 19.230597 28076.672068
263000 19.230597 28076.672068
263500 19.230597 28076.672068
264000 19.230597 28076.672068
264500 19.230597 28076.672068
265000 19.230597 28076.672068
265500 19.230597 28076.672068
266000 19.230597 28076.672068
266500 19.230597 28076.672068
267000 19.230597 28076.672068
267500 19.230597 28076.672068
268000 19.230597 28076.672068
268500 19.230597 28076.672068
269000 19.230597 28076.672068
269500 19.230597 28076.672068
270000 19.230597 28076.672068
270500 19.230597 28076.672068
271000 19.230597 28076.672068
271500 19.230597 28076.672068
272000 19.230597 28076.672068
272500 19.946239 29121.509242
273000 19.946239 29121.509242
273500 19.946239 29121.509242
274000 19.946239 29121.509242
274500 19.946239 29121.509242
275000 19.946239 29121.509242
275500 19.946239 29121.509242
276000 19.946239 29121.509242
276500 19.946239 29121.509242
277000 19.946239 29121.509242
277500 19.946239 29121.509242
278000 19.946239 29121.509242
278500 19.946239 29121.509242
279000 19.946239 29121.509242
279500 19.946239 29121.509242
280000 19.946239 29121.509242
280500 19.946239 29121.509242
281000 20.588448 30059.133926
281500 20.588448 30059.133926
282000 20.588448 30059.133926
282500 20.588448 30059.133926
283000 20.588448 30059.133926
283500 20.588448 30059.133926
284000 20.588448 30059.133926
284500 20.588448 30059.133926
285000 20.588448 30059.133926
285500 20.588448 30059.133926
286000 21.069108 30760.896958
286500 21.069108 30760.896958
287000 21.069108 30760.896958
287500 21.069108 30760.896958
288000 21.069108 30760.896958
288500 21.069108 30760.896958
289000 21.069108 30760.896958
289500 21.069108 30760.896958
290000 21.069108 30760.896958
290500 21.069108 30760.896958
291000 21.069108 30760.896958
291500 21.069108 30760.896958
292000 21.069108 30760.896958
292500 21.258322 31037.149687
293000 21.258322 31037.149687
293500 21.258322 31037.149687
294000 21.258322 31037.149687
294500 21.258322 31037.149687
295000 21.258322 31037.149687
295500 21.258322 31037.149687
296000 21.258322 31037.149687
296500 21.258322 31037.149687
297000 21.258322 31037.149687
297500 21.258322 31037.149687
298000 21.258322 31037.149687
298500 21.258322 31037.149687
299000 21.258322 31037.149687
299500 21.258322 31037.149687
300000 21.258322 31037.149687
300500 21.258322 31037.149687
301000 21.258322 31037.149687
301500 21.907678 31985.210127
302000 21.907678 31985.210127
302500 21.907678 31985.210127
303000 21.907678 31985.210127
303500 21.907678 31985.210127
304000 21.907678 31985.210127
304500 21.907678 31985.210127
305000 21.907678 31985.210127
305500 21.907678 31985.210127
306000 21.907678 31985.210127
306500 21.907678 31985.210127
307000 21.907678 31985.210127
307500 21.907678 31985.210127
308000 21.907678 31985.210127
308500 21.907678 31985.210127
309000 22.134965 32317.049533
309500 22.493839 32841.004969
310000 22.493839 32841.004969
310500 22.493839 32841.004969
311000 22.493839 32841.004969
311500 22.493839 32841.004969
312000 22.493839 32841.004969
312500 22.493839 32841.004969
313000 22.493839 32841.004969
313500 22.493839 32841.004969
314000 22.493839 32841.004969
314500 22.493839 32841.004969
315000 22.493839 32841.004969
315500 22.493839 32841.004969
316000 22.493839 32841.004969
316500 19.715250 28784.265513
317000 19.715250 28784.265513
317500 19.715250 28784.265513
318000 19.715250 28784.265513
318500 19.715250 28784.265513
319000 19.715250 28784.265513
319500 19.715250 28784.265513
320000 19.715250 28784.265513
320500 19.715250 28784.265513
321000 19.715250 28784.265513
321500 19.715250 28784.265513
322000 19.715250 28784.265513
322500 19.715250 28784.265513
323000 19.715250 28784.265513
323500 19.715250 28784.265513
324000 19.715250 28784.265513
324500 19.715250 28784.265513
325000 19.715250 28784.265513
325500 19.715250 28784.265513
326000 19.715250 28784.265513
326500 19.715250 28784.265513
327000 19.715250 28784.265513
327500 19.715250 28784.265513
328000 19.715250 28784.265513
328500 19.715250 28784.265513
329000 19.370956 28281.595427
329500 19.370956 28281.595427
330000 19.370956 28281.595427
330500 19.370956 28281.595427
331000 19.370956 28281.595427
331500 19.370956 28281.595427
332000 19.370956 28281.595427
332500 19.370956 28281.595427
333000 19.370956 28281.595427
333500 19.370956 28281.595427
334000 19.370956 28281.595427
334500 19.370956 28281.595427
335000 19.370956 28281.595427
335500 19.370956 28281.595427
336000 19.370956 28281.595427
336500 19.370956 28281.595427
337000 19.370956 28281.595427
337500 19.370956 28281.595427
338000 19.370956 28281.595427
338500 19.370956 28281.595427
339000 19.370956 28281.595427
339500 19.370956 28281.595427
340000 19.370956 28281.595427
340500 19.370956 28281.595427
341000 19.370956 28281.595427
341500 19.370956 28281.595427
342000 14.025416 20477.107743
342500 14.025416 20477.107743
343000 14.025416 20477.107743
343500 14.025416 20477.107743
344000 14.025416 20477.107743
344500 14.025416 20477.107743
345000 14.025416 20477.107743
345500 14.025416 20477.107743
346000 14.025416 20477.107743
346500 14.025416 20477.107743
347000 14.025416 20477.107743
347500 14.025416 20477.107743
348000 14.025416 20477.107743
348500 14.025416 20477.107743
349000 14.025416 20477.107743
349500 14.025416 20477.107743
350000 13.525416 19747.107743
350500 13.525416 19747.107743
351000 13.525416 19747.107743
351500 13.525416 19747.107743
352000 13.525416 19747.107743
352500 13.525416 19747.107743
353000 13.525416 19747.107743
353500 13.525416 19747.107743
354000 13.525416 19747.107743
354500 13.525416 19747.107743
355000 13.525416 19747.107743
355500 13.525416 19747.107743
356000 13.525416 19747.107743
356500 14.034741 20490.721501
357000 14.034741 20490.721501
357500 14.034741 20490.721501
358000 14.034741 20490.721501
358500 14.034741 20490.721501
359000 14.034741 20490.721501
359500 14.034741 20490.721501
360000 14.034741 20490.721501
360500 14.034741 20490.721501
361000 14.034741 20490.721501
361500 14.034741 20490.721501
362000 14.034741 20490.721501
362500 14.034741 20490.721501
363000 14.034741 20490.721501
363500 14.034741 20490.721501
364000 14.034741 20490.721501
364500 14.034741 20490.721501
365000 14.034741 20490.721501
365500 14.034741 20490.721501
366000 14.034741 20490.721501
366500 14.034741 20490.721501
367000 14.034741 20490.721501
367500 14.034741 20490.721501
368000 14.034741 20490.721501
368500 14.526130 21208.149466
369000 14.526130 21208.149466
369500 14.526130 21208.149466
370000 14.526130 21208.149466
370500 14.526130 21208.149466
371000 14.526130 21208.149466
371500 14.526130 21208.149466
372000 14.526130 21208.149466
372500 14.526130 21208.149466
373000 13.867135 20246.017147
373500 13.867135 20246.017147
374000 13.867135 20246.017147
374500 13.867135 20246.017147
375000 13.867135 20246.017147
375500 13.867135 20246.017147
376000 13.867135 20246.017147
376500 13.867135 20246.017147
377000 13.867135 20246.017147
377500 13.867135 20246.017147
378000 13.867135 20246.017147
378500 13.867135 20246.017147
379000 13.867135 20246.017147
379500 13.809887 20162.434723
380000 13.809887 20162.434723
380500 13.809887 20162.434723
381000 13.809887 20162.434723
381500 13.809887 20162.434723
382000 13.809887 20162.434723
382500 13.809887 20162.434723
383000 13.809887 20162.434723
383500 13.809887 20162.434723
384000 13.809887 20162.434723
384500 13.809887 20162.434723
385000 13.809887 20162.434723
385500 13.809887 20162.434723
386000 13.809887 20162.434723
386500 13.809887 20162.434723
387000 13.809887 20162.434723
387500 13.809887 20162.434723
388000 13.809887 20162.434723
388500 13.809887 20162.434723
389000 13.809887 20162.434723
389500 13.809887 20162.434723
390000 13.809887 20162.434723
390500 13.809887 20162.434723
391000 13.809887 20162.434723
391500 13.809887 20162.434723
392000 13.809887 20162.434723
392500 13.809887 20162.434723
393000 13.809887 20162.434723
393500 13.809887 20162.434723
394000 13.809887 20162.434723
394500 13.809887 20162.434723
395000 13.809887 20162.434723
395500 13.809887 20162.434723
396000 13.809887 20162.434723
396500 13.809887 20162.434723
397000 13.809887 20162.434723
397500 13.809887 20162.434723
398000 13.809887 20162.434723
398500 13.809887 20162.434723
399000 13.809887 20162.434723
399500 1.000000 1460.000000
400000 1.000000 1460.000000
400500 1.000000 1460.000000
401000 1.000000 1460.000000
401500 1.000000 1460.000000
402000 1.000000 1460.000000
402500 1.000000 1460.000000
403000 1.000000 1460.000000
403500 1.000000 1460.000000
404000 1.000000 1460.000000
404500 1.000000 1460.000000
405000 1.000000 1460.000000
405500 1.000000 1460.000000
406000 1.000000 1460.000000
406500 1.000000 1460.000000
407000 1.000000 1460.000000
407500 1.000000 1460.000000
408000 2.000000 2920.000000
408500 2.000000 2920.000000
409000 2.000000 2920.000000
409500 2.000000 2920.000000
410000 2.000000 2920.000000
410500 2.000000 2920.000000
411000 2.000000 2920.000000
411500 2.000000 2920.000000
412000 2.000000 2920.000000
412500 2.000000 2920.000000
413000 2.000000 2920.000000
413500 2.000000 2920.000000
414000 2.000000 2920.000000
414500 2.000000 2920.000000
415000 7.362542 10749.311244
415500 7.362542 10749.311244
416000 7.362542 10749.311244
416500 7.362542 10749.311244
417000 7.362542 10749.311244
417500 7.362542 10749.311244
418000 7.362542 10749.311244
418500 7.362542 10749.311244
419000 7.362542 10749.311244
419500 5.386796 7864.722367
420000 5.386796 7864.722367
420500 5.386796 7864.722367
421000 5.386796 7864.722367
421500 5.386796 7864.722367
422000 5.386796 7864.722367
422500 5.386796 7864.722367
423000 5.386796 7864.722367
423500 5.386796 7864.722367
424000 5.386796 7864.722367
424500 5.386796 7864.722367
425000 5.386796 7864.722367
425500 5.386796 7864.722367
426000 5.386796 7864.722367
426500 5.386796 7864.722367
427000 5.386796 7864.722367
427500 5.386796 7864.722367
428000 5.386796 7864.722367
428500 5.386796 7864.722367
429000 5.386796 7864.722367
429500 5.386796 7864.722367
430000 5.386796 7864.722367
430500 4.886796 7134.722367
431000 4.886796 7134.722367
431500 4.886796 7134.722367
432000 4.886796 7134.722367
432500 4.886796 7134.722367
433000 4.886796 7134.722367
433500 4.886796 7134.722367
434000 4.886796 7134.722367
434500 4.886796 7134.722367
435000 4.886796 7134.722367
435500 4.886796 7134.722367
436000 4.886796 7134.722367
436500 4.886796 7134.722367
437000 4.886796 7134.722367
437500 7.230378 10556.351805
438000 7.230378 10556.351805
438500 7.230378 10556.351805
439000 7.230378 10556.351805
439500 7.230378 10556.351805
440000 7.230378 10556.351805
440500 7.230378 10556.351805
441000 7.230378 10556.351805
441500 7.230378 10556.351805
442000 7.230378 10556.351805
442500 7.230378 10556.351805
443000 7.230378 10556.351805
443500 7.230378 10556.351805
444000 7.230378 10556.351805
444500 7.230378 10556.351805
445000 7.230378 10556.351805
445500 8.971949 13099.046086
446000 8.971949 13099.046086
446500 8.971949 13099.046086
447000 8.971949 13099.046086
447500 8.971949 13099.046086
448000 8.971949 13099.046086
448500 8.971949 13099.046086
449000 8.971949 13099.046086
449500 8.971949 13099.046086
450000 9.409772 13738.266912
450500 9.409772 13738.266912
451000 9.409772 13738.266912
451500 9.409772 13738.266912
452000 9.409772 13738.266912
452500 9.409772 13738.266912
453000 9.409772 13738.266912
453500 9.409772 13738.266912
454000 9.409772 13738.266912
454500 9.409772 13738.266912
455000 9.409772 13738.266912
455500 9.409772 13738.266912
456000 9.409772 13738.266912
456500 9.409772 13738.266912
457000 9.409772 13738.266912
457500 9.409772 13738.266912
458000 9.409772 13738.266912
458500 10.423370 15218.119698
459000 10.423370 15218.119698
459500 10.423370 15218.119698
460000 10.423370 15218.119698
460500 10.423370 15218.119698
461000 10.423370 15218.119698
461500 10.423370 15218.119698
462000 10.423370 15218.119698
462500 10.423370 15218.119698
463000 10.894542 15906.031140
463500 10.894542 15906.031140
464000 10.894542 15906.031140
464500 10.894542 15906.031140
465000 10.894542 15906.031140
465500 10.894542 15906.031140
466000 11.346004 16565.166165
466500 11.346004 16565.166165
467000 11.346004 16565.166165
467500 11.346004 16565.166165
468000 11.346004 16565.166165
468500 11.346004 16565.166165
469000 11.346004 16565.166165
469500 11.346004 16565.166165
470000 11.346004 16565.166165
470500 11.346004 16565.166165
471000 11.346004 16565.166165
471500 11.346004 16565.166165
472000 11.346004 16565.166165
472500 11.346004 16565.166165
473000 11.346004 16565.166165
473500 11.346004 16565.166165
474000 11.346004 16565.166165
474500 11.346004 16565.166165
475000 11.346004 16565.166165
475500 11.694536 17074.023212
476000 11.694536 17074.023212
476500 11.694536 17074.023212
477000 11.694536 17074.023212
477500 11.694536 17074.023212
478000 11.694536 17074.023212
478500 11.694536 17074.023212
479000 11.694536 17074.023212
479500 11.694536 17074.023212
480000 11.694536 17074.023212
480500 11.694536 17074.023212
481000 11.694536 17074.023212
481500 11.694536 17074.023212
482000 11.694536 17074.023212
482500 11.694536 17074.023212
483000 11.694536 17074.023212
483500 11.694536 17074.023212
484000 11.694536 17074.023212
484500 11.694536 17074.023212
485000 11.694536 17074.023212
485500 11.694536 17074.023212
486000 12.839623 18745.849087
486500 12.839623 18745.849087
487000 12.839623 18745.849087
487500 12.839623 18745.849087
488000 12.839623 18745.849087
488500 12.839623 18745.849087
489000 12.839623 18745.849087
489500 12.839623 18745.849087
490000 12.839623 18745.849087
490500 13.300047 19418.068358
491000 13.300047 19418.068358
491500 13.300047 19418.068358
492000 13.300047 19418.068358
492500 13.300047 19418.068358
493000 13.300047 19418.068358
493500 13.300047 19418.068358
494000 13.300047 19418.068358
494500 13.300047 19418.068358
495000 13.300047 19418.068358
495500 13.300047 19418.068358
496000 13.300047 19418.068358
496500 13.300047 19418.068358
497000 13.300047 19418.068358
497500 13.300047 19418.068358
498000 13.300047 19418.068358
498500 13.890096 20279.540430
499000 13.890096 20279.540430
499500 13.890096 20279.540430
500000 13.890096 20279.540430
500500 13.890096 20279.540430
501000 13.890096 20279.540430
501500 13.890096 20279.540430
502000 13.890096 20279.540430
502500 13.890096 20279.540430
503000 13.890096 20279.540430
503500 13.890096 20279.540430
504000 13.890096 20279.540430
504500 13.890096 20279.540430
505000 13.890096 20279.540430
505500 13.890096 20279.540430
506000 13.890096 20279.540430
506500 13.890096 20279.540430
507000 13.890096 20279.540430
507500 14.866165 21704.600270
508000 14.866165 21704.600270
508500 14.866165 21704.600270
509000 14.866165 21704.600270
509500 14.866165 21704.600270
510000 14.866165 21704.600270
510500 14.866165 21704.600270
511000 15.330809 22382.980606
511500 15.330809 22382.980606
512000 15.330809 22382.980606
512500 15.330809 22382.980606
513000 15.330809 22382.980606
513500 15.330809 22382.980606
514000 15.330809 22382.980606
514500 15.330809 22382.980606
515000 15.330809 22382.980606
515500 15.330809 22382.980606
516000 15.330809 22382.980606
516500 15.330809 22382.980606
517000 15.330809 22382.980606
517500 15.330809 22382.980606
518000 15.330809 22382.980606
518500 15.330809 22382.980606
519000 15.218101 22218.427220
519500 15.218101 22218.427220
520000 15.218101 22218.427220
520500 15.218101 22218.427220
521000 15.218101 22218.427220
521500 15.218101 22218.427220
522000 15.218101 22218.427220
522500 15.218101 22218.427220
523000 15.218101 22218.427220
523500 15.218101 22218.427220
524000 15.218101 22218.427220
524500 15.218101 22218.427220
525000 15.218101 22218.427220
525500 15.218101 22218.427220
526000 15.218101 22218.427220
526500 14.718101 21488.427220
527000 14.718101 21488.427220
527500 14.718101 21488.427220
528000 14.718101 21488.427220
528500 14.718101 21488.427220
529000 14.718101 21488.427220
529500 14.718101 21488.427220
530000 14.718101 21488.427220
530500 14.718101 21488.427220
531000 14.718101 21488.427220
531500 14.718101 21488.427220
532000 14.718101 21488.427220
532500 14.718101 21488.427220
533000 14.718101 21488.427220
533500 14.718101 21488.427220
534000 14.718101 21488.427220
534500 11.121163 16236.897973
535000 11.121163 16236.897973
535500 11.121163 16236.897973
536000 11.121163 16236.897973
536500 11.121163 16236.897973
537000 11.121163 16236.897973
537500 11.121163 16236.897973
538000 11.121163 16236.897973
538500 11.121163 16236.897973
539000 11.121163 16236.897973
539500 11.121163 16236.897973
540000 11.121163 16236.897973
540500 11.121163 16236.897973
541000 11.121163 16236.897973
541500 11.121163 16236.897973
542000 11.121163 16236.897973
542500 10.621163 15506.897973
543000 10.621163 15506.897973
543500 10.621163 15506.897973
544000 10.621163 15506.897973
544500 10.621163 15506.897973
545000 10.621163 15506.897973
545500 10.621163 15506.897973
546000 10.621163 15506.897973
546500 10.621163 15506.897973
547000 10.621163 15506.897973
547500 10.621163 15506.897973
548000 10.621163 15506.897973
548500 10.621163 15506.897973
549000 10.621163 15506.897973
549500 10.621163 15506.897973
550000 10.621163 15506.897973
550500 10.621163 15506.897973
551000 10.621163 15506.897973
551500 11.871007 17331.669710
552000 11.871007 17331.669710
552500 11.871007 17331.669710
553000 11.871007 17331.669710
553500 11.871007 17331.669710
554000 11.871007 17331.669710
554500 11.871007 17331.669710
555000 11.871007 17331.669710
555500 11.871007 17331.669710
556000 11.871007 17331.669710
556500 11.871007 17331.669710
557000 11.871007 17331.669710
557500 11.871007 17331.669710
558000 11.871007 17331.669710
558500 11.871007 17331.669710
559000 11.871007 17331.669710
559500 11.871007 17331.669710
560000 12.923080 18867.696612
560500 12.923080 18867.696612
561000 12.923080 18867.696612
561500 12.923080 18867.696612
562000 12.923080 18867.696612
562500 13.380616 19535.699479
563000 13.380616 19535.699479
563500 13.380616 19535.699479
564000 13.380616 19535.699479
564500 13.380616 19535.699479
565000 13.380616 19535.699479
565500 13.380616 19535.699479
566000 13.380616 19535.699479
566500 13.380616 19535.699479
567000 13.380616 19535.699479
567500 13.380616 19535.699479
568000 13.380616 19535.699479
568500 13.380616 19535.699479
569000 13.380616 19535.699479
569500 13.380616 19535.699479
570000 13.967244 20392.176496
570500 13.967244 20392.176496
571000 13.967244 20392.176496
571500 13.967244 20392.176496
572000 13.967244 20392.176496
572500 13.967244 20392.176496
573000 14.871004 21711.665836
573500 14.871004 21711.665836
574000 14.871004 21711.665836
574500 14.871004 21711.665836
575000 14.871004 21711.665836
575500 14.871004 21711.665836
576000 14.871004 21711.665836
576500 14.871004 21711.665836
577000 14.871004 21711.665836
577500 14.871004 21711.665836
578000 14.871004 21711.665836
578500 14.871004 21711.665836
579000 14.871004 21711.665836
579500 14.871004 21711.665836
580000 14.871004 21711.665836
580500 14.871004 21711.665836
581000 14.871004 21711.665836
581500 14.871004 21711.665836
582000 14.871004 21711.665836
582500 14.871004 21711.665836
583000 14.871004 21711.665836
583500 14.871004 21711.665836
584000 14.871004 21711.665836
584500 14.871004 21711.665836
585000 14.871004 21711.665836
585500 14.871004 21711.665836
586000 14.871004 21711.665836
586500 14.871004 21711.665836
587000 14.871004 21711.665836
587500 14.871004 21711.665836
588000 14.871004 21711.665836
588500 14.871004 21711.665836
589000 14.871004 21711.665836
589500 14.871004 21711.665836
590000 14.871004 21711.665836
590500 14.871004 21711.665836
591000 14.871004 21711.665836
591500 14.871004 21711.665836
592000 14.871004 21711.665836
592500 14.871004 21711.665836
593000 1.000000 1460.000000
593500 1.000000 1460.000000
594000 1.000000 1460.000000
594500 1.000000 1460.000000
595000 1.000000 1460.000000
595500 1.000000 1460.000000
596000 1.000000 1460.000000
596500 1.000000 1460.000000
597000 1.000000 1460.000000
597500 1.000000 1460.000000
598000 1.000000 1460.000000
598500 1.000000 1460.000000
599000 1.000000 1460.000000
599500 1.000000 1460.000000
600000 2.000000 2920.000000
600500 2.000000 2920.000000
601000 2.000000 2920.000000
601500 2.000000 2920.000000
602000 2.000000 2920.000000
602500 2.000000 2920.000000
603000 2.000000 2920.000000
603500 2.000000 2920.000000
604000 2.000000 2920.000000
604500 2.000000 2920.000000
605000 2.000000 2920.000000
605500 2.000000 2920.000000
606000 2.000000 2920.000000
606500 2.000000 2920.000000
607000 2.000000 2920.000000
607500 2.000000 2920.000000
608000 2.000000 2920.000000
608500 2.000000 2920.000000
609000 2.000000 2920.000000
609500 2.000000 2920.000000
610000 2.000000 2920.000000
610500 2.000000 2920.000000
611000 2.000000 2920.000000
611500 8.195061 11964.788772
612000 8.195061 11964.788772
612500 8.195061 11964.788772
613000 8.195061 11964.788772
613500 8.195061 11964.788772
614000 8.195061 11964.788772
614500 8.195061 11964.788772
615000 8.195061 11964.788772
615500 8.195061 11964.788772
616000 8.195061 11964.788772
616500 8.195061 11964.788772
617000 8.195061 11964.788772
617500 8.672720 12662.171511
618000 8.672720 12662.171511
618500 8.672720 12662.171511
619000 8.672720 12662.171511
619500 8.672720 12662.171511
620000 8.672720 12662.171511
620500 8.672720 12662.171511
621000 8.672720 12662.171511
621500 9.014152 13160.662131
622000 9.014152 13160.662131
622500 9.014152 13160.662131
623000 9.014152 13160.662131
623500 9.014152 13160.662131
624000 9.014152 13160.662131
624500 9.014152 13160.662131
625000 9.014152 13160.662131
625500 9.014152 13160.662131
626000 9.014152 13160.662131
626500 9.014152 13160.662131
627000 9.014152 13160.662131
627500 9.014152 13160.662131
628000 9.014152 13160.662131
628500 9.014152 13160.662131
629000 9.014152 13160.662131
629500 9.014152 13160.662131
630000 9.014152 13160.662131
630500 9.014152 13160.662131
631000 9.014152 13160.662131
631500 9.014152 13160.662131
632000 9.014152 13160.662131
632500 9.014152 13160.662131
633000 9.014152 13160.662131
633500 9.014152 13160.662131
634000 9.014152 13160.662131
634500 9.014152 13160.662131
635000 1.000000 1460.000000
635500 1.000000 1460.000000
636000 1.000000 1460.000000
636500 1.000000 1460.000000
637000 1.000000 1460.000000
637500 1.000000 1460.000000
638000 1.000000 1460.000000
638500 1.000000 1460.000000
639000 1.000000 1460.000000
639500 1.000000 1460.000000
640000 1.000000 1460.000000
640500 1.000000 1460.000000
641000 1.000000 1460.000000
641500 1.000000 1460.000000
642000 1.000000 1460.000000
642500 2.000000 2920.000000
643000 2.000000 2920.000000
643500 2.000000 2920.000000
644000 2.000000 2920.000000
644500 2.000000 2920.000000
645000 2.000000 2920.000000
645500 2.000000 2920.000000
646000 2.000000 2920.000000
646500 2.000000 2920.000000
647000 2.000000 2920.000000
647500 2.000000 2920.000000
648000 2.000000 2920.000000
648500 2.000000 2920.000000
649000 2.000000 2920.000000
649500 2.000000 2920.000000
650000 2.000000 2920.000000
650500 2.000000 2920.000000
651000 2.000000 2920.000000
651500 2.000000 2920.000000
652000 4.920638 7184.131926
652500 4.920638 7184.131926
653000 4.920638 7184.131926
653500 4.920638 7184.131926
654000 4.920638 7184.131926
654500 4.920638 7184.131926
655000 4.920638 7184.131926
655500 4.920638 7184.131926
656000 5.319029 7765.782609
656500 5.319029 7765.782609
657000 5.319029 7765.782609
657500 5.319029 7765.782609
658000 5.319029 7765.782609
658500 5.319029 7765.782609
659000 5.319029 7765.782609
659500 5.319029 7765.782609
660000 5.319029 7765.782609
660500 5.319029 7765.782609
661000 5.319029 7765.782609
661500 5.319029 7765.782609
662000 5.319029 7765.782609
662500 5.319029 7765.782609
663000 5.319029 7765.782609
663500 7.253025 10589.417116
664000 7.253025 10589.417116
664500 7.253025 10589.417116
665000 7.253025 10589.417116
665500 7.253025 10589.417116
666000 7.253025 10589.417116
666500 7.253025 10589.417116
667000 7.253025 10589.417116
667500 7.253025 10589.417116
668000 7.253025 10589.417116
668500 7.253025 10589.417116
669000 7.253025 10589.417116
669500 7.253025 10589.417116
670000 7.253025 10589.417116
670500 7.253025 10589.417116
671000 7.253025 10589.417116
671500 7.253025 10589.417116
672000 7.253025 10589.417116
672500 7.253025 10589.417116
673000 7.253025 10589.417116
673500 7.253025 10589.417116
674000 7.253025 10589.417116
674500 7.253025 10589.417116
675000 7.253025 10589.417116
675500 7.253025 10589.417116
676000 7.763393 11334.553991
676500 7.763393 11334.553991
677000 7.763393 11334.553991
677500 7.763393 11334.553991
678000 7.763393 11334.553991
678500 7.763393 11334.553991
679000 7.763393 11334.553991
679500 7.763393 11334.553991
680000 7.763393 11334.553991
680500 7.763393 11334.553991
681000 7.763393 11334.553991
681500 7.763393 11334.553991
682000 7.763393 11334.553991
682500 7.763393 11334.553991
683000 7.763393 11334.553991
683500 7.763393 11334.553991
684000 7.763393 11334.553991
684500 7.763393 11334.553991
685000 7.763393 11334.553991
685500 7.763393 11334.553991
686000 7.763393 11334.553991
686500 7.763393 11334.553991
687000 7.763393 11334.553991
687500 7.763393 11334.553991
688000 7.263393 10604.553991
688500 7.263393 10604.553991
689000 7.263393 10604.553991
689500 7.263393 10604.553991
690000 7.263393 10604.553991
690500 7.263393 10604.553991
691000 7.263393 10604.553991
691500 7.263393 10604.553991
692000 7.263393 10604.553991
692500 7.263393 10604.553991
693000 7.263393 10604.553991
693500 7.263393 10604.553991
694000 7.263393 10604.553991
694500 7.263393 10604.553991
695000 7.263393 10604.553991
695500 7.263393 10604.553991
696000 7.263393 10604.553991
696500 7.263393 10604.553991
697000 7.263393 10604.553991
697500 7.263393 10604.553991
698000 7.263393 10604.553991
698500 7.263393 10604.553991
699000 7.263393 10604.553991
699500 7.263393 10604.553991
700000 8.885949 12973.486204
700500 8.885949 12973.486204
701000 8.885949 12973.486204
701500 8.885949 12973.486204
702000 8.885949 12973.486204
702500 8.885949 12973.486204
703000 8.885949 12973.486204
703500 8.885949 12973.486204
704000 8.885949 12973.486204
704500 8.885949 12973.486204
705000 8.885949 12973.486204
705500 8.885949 12973.486204
706000 8.885949 12973.486204
706500 8.885949 12973.486204
707000 8.885949 12973.486204
707500 8.885949 12973.486204
708000 8.885949 12973.486204
708500 8.885949 12973.486204
709000 8.885949 12973.486204
709500 8.885949 12973.486204
710000 8.885949 12973.486204
710500 8.885949 12973.486204
711000 9.327858 13618.672113
711500 9.327858 13618.672113
712000 9.327858 13618.672113
712500 9.327858 13618.672113
713000 9.327858 13618.672113
713500 9.327858 13618.672113
714000 9.327858 13618.672113
714500 9.327858 13618.672113
715000 9.327858 13618.672113
715500 9.327858 13618.672113
716000 9.327858 13618.672113
716500 9.327858 13618.672113
717000 9.327858 13618.672113
717500 9.327858 13618.672113
718000 9.327858 13618.672113
718500 9.327858 13618.672113
719000 9.327858 13618.672113
719500 9.327858 13618.672113
720000 9.327858 13618.672113
720500 9.327858 13618.672113
721000 9.327858 13618.672113
721500 9.327858 13618.672113
722000 9.327858 13618.672113
722500 9.327858 13618.672113
723000 9.327858 13618.672113
723500 7.249533 10584.317679
724000 7.249533 10584.317679
724500 7.249533 10584.317679
725000 7.249533 10584.317679
725500 7.249533 10584.317679
726000 7.249533 10584.317679
726500 7.249533 10584.317679
727000 7.249533 10584.317679
727500 7.249533 10584.317679
728000 7.249533 10584.317679
728500 7.249533 10584.317679
729000 7.249533 10584.317679
729500 7.249533 10584.317679
730000 7.249533 10584.317679
730500 7.249533 10584.317679
731000 7.249533 10584.317679
731500 7.249533 10584.317679
732000 7.249533 10584.317679
732500 7.249533 10584.317679
733000 7.249533 10584.317679
733500 7.249533 10584.317679
734000 7.249533 10584.317679
734500 7.249533 10584.317679
735000 7.249533 10584.317679
735500 7.249533 10584.317679
736000 6.749533 9854.317679
736500 6.749533 9854.317679
737000 6.749533 9854.317679
737500 6.749533 9854.317679
738000 6.749533 9854.317679
738500 6.749533 9854.317679
739000 6.749533 9854.317679
739500 6.749533 9854.317679
740000 6.749533 9854.317679
740500 6.749533 9854.317679
741000 6.749533 9854.317679
741500 6.749533 9854.317679
742000 6.749533 9854.317679
742500 6.749533 9854.317679
743000 6.749533 9854.317679
743500 6.749533 9854.317679
744000 6.749533 9854.317679
744500 6.749533 9854.317679
745000 6.749533 9854.317679
745500 6.749533 9854.317679
746000 6.249533 9124.317679
746500 6.249533 9124.317679
747000 6.249533 9124.317679
747500 6.249533 9124.317679
748000 6.249533 9124.317679
748500 6.249533 9124.317679
749000 6.249533 9124.317679
749500 6.249533 9124.317679
750000 6.249533 9124.317679
750500 6.249533 9124.317679
751000 6.249533 9124.317679
751500 6.249533 9124.317679
752000 6.717872 9808.092876
752500 6.717872 9808.092876
753000 6.717872 9808.092876
753500 6.717872 9808.092876
754000 6.717872 9808.092876
754500 6.717872 9808.092876
755000 6.717872 9808.092876
755500 6.717872 9808.092876
756000 7.154964 10446.246904
756500 7.154964 10446.246904
757000 7.154964 10446.246904
757500 7.154964 10446.246904
758000 7.154964 10446.246904
758500 7.154964 10446.246904
759000 7.154964 10446.246904
759500 7.154964 10446.246904
760000 7.154964 10446.246904
760500 7.154964 10446.246904
761000 7.154964 10446.246904
761500 7.154964 10446.246904
762000 7.154964 10446.246904
762500 7.154964 10446.246904
763000 8.081856 11799.509289
763500 8.081856 11799.509289
764000 8.081856 11799.509289
764500 8.081856 11799.509289
765000 8.081856 11799.509289
765500 8.081856 11799.509289
766000 8.081856 11799.509289
766500 8.081856 11799.509289
767000 8.081856 11799.509289
767500 8.081856 11799.509289
768000 8.081856 11799.509289
768500 8.081856 11799.509289
769000 8.081856 11799.509289
769500 8.081856 11799.509289
770000 8.081856 11799.509289
770500 9.564830 13964.651534
771000 9.564830 13964.651534
771500 9.564830 13964.651534
772000 9.564830 13964.651534
772500 9.564830 13964.651534
773000 9.564830 13964.651534
773500 9.564830 13964.651534
774000 9.564830 13964.651534
774500 9.564830 13964.651534
775000 9.564830 13964.651534
775500 9.564830 13964.651534
776000 9.564830 13964.651534
776500 9.564830 13964.651534
777000 9.564830 13964.651534
777500 9.564830 13964.651534
778000 9.564830 13964.651534
778500 9.564830 13964.651534
779000 9.564830 13964.651534
779500 10.937124 15968.201444
780000 10.937124 15968.201444
780500 10.937124 15968.201444
781000 10.937124 15968.201444
781500 10.937124 15968.201444
782000 10.937124 15968.201444
782500 10.937124 15968.201444
783000 10.937124 15968.201444
783500 11.386885 16624.852083
784000 11.386885 16624.852083
784500 11.386885 16624.852083
785000 11.386885 16624.852083
785500 11.386885 16624.852083
786000 11.386885 16624.852083
786500 11.386885 16624.852083
787000 11.386885 16624.852083
787500 11.386885 16624.852083
788000 11.386885 16624.852083
788500 11.386885 16624.852083
789000 11.386885 16624.852083
789500 11.386885 16624.852083
790000 11.386885 16624.852083
790500 11.386885 16624.852083
791000 11.386885 16624.852083
791500 11.386885 16624.852083
792000 12.154283 17745.253847
792500 12.154283 17745.253847
793000 12.154283 17745.253847
793500 12.154283 17745.253847
794000 12.154283 17745.253847
794500 12.154283 17745.253847
795000 12.154283 17745.253847
795500 12.560238 18337.946920
796000 12.560238 18337.946920
796500 12.560238 18337.946920
797000 12.560238 18337.946920
797500 12.560238 18337.946920
798000 12.560238 18337.946920
798500 12.560238 18337.946920
799000 12.560238 18337.946920
799500 12.560238 18337.946920
800000 12.560238 18337.946920
800500 12.560238 18337.946920
801000 12.560238 18337.946920
801500 12.560238 18337.946920
802000 12.560238 18337.946920
802500 12.560238 18337.946920
803000 12.560238 18337.946920
803500 12.560238 18337.946920
804000 12.560238 18337.946920
804500 12.560238 18337.946920
805000 12.560238 18337.946920
805500 12.560238 18337.946920
806000 12.560238 18337.946920
806500 12.560238 18337.946920
807000 12.560238 18337.946920
807500 12.560238 18337.946920
808000 12.560238 18337.946920
808500 12.560238 18337.946920
809000 12.560238 18337.946920
809500 12.560238 18337.946920
810000 12.560238 18337.946920
810500 12.560238 18337.946920
811000 12.560238 18337.946920
811500 12.560238 18337.946920
812000 12.560238 18337.946920
812500 12.560238 18337.946920
813000 12.560238 18337.946920
813500 12.560238 18337.946920
814000 12.560238 18337.946920
814500 12.560238 18337.946920
815000 12.560238 18337.946920
815500 12.560238 18337.946920
816000 12.560238 18337.946920
816500 12.560238 18337.946920
817000 1.000000 1460.000000
817500 1.000000 1460.000000
818000 1.000000 1460.000000
818500 1.000000 1460.000000
819000 1.000000 1460.000000
819500 1.000000 1460.000000
820000 1.000000 1460.000000
820500 1.000000 1460.000000
821000 1.000000 1460.000000
821500 1.000000 1460.000000
822000 1.000000 1460.000000
822500 1.000000 1460.000000
823000 1.000000 1460.000000
823500 1.000000 1460.000000
824000 1.000000 1460.000000
824500 1.000000 1460.000000
825000 1.000000 1460.000000
825500 2.000000 2920.000000
826000 2.000000 2920.000000
826500 2.000000 2920.000000
827000 2.000000 2920.000000
827500 2.000000 2920.000000
828000 2.000000 2920.000000
828500 2.000000 2920.000000
829000 2.000000 2920.000000
829500 2.000000 2920.000000
830000 2.000000 2920.000000
830500 2.000000 2920.000000
831000 2.000000 2920.000000
831500 2.000000 2920.000000
832000 2.000000 2920.000000
832500 2.000000 2920.000000
833000 2.000000 2920.000000
833500 2.000000 2920.000000
834000 2.000000 2920.000000
834500 2.000000 2920.000000
835000 2.000000 2920.000000
835500 2.000000 2920.000000
836000 2.000000 2920.000000
836500 2.000000 2920.000000
837000 6.640994 9695.851689
837500 6.640994 9695.851689
838000 6.640994 9695.851689
838500 6.640994 9695.851689
839000 6.640994 9695.851689
839500 6.640994 9695.851689
840000 6.640994 9695.851689
840500 6.640994 9695.851689
841000 6.640994 9695.851689
841500 7.082932 10341.081093
842000 7.082932 10341.081093
842500 7.082932 10341.081093
843000 7.082932 10341.081093
843500 7.082932 10341.081093
844000 7.082932 10341.081093
844500 7.082932 10341.081093
845000 7.082932 10341.081093
845500 7.082932 10341.081093
846000 7.082932 10341.081093
846500 7.082932 10341.081093
847000 7.082932 10341.081093
847500 7.498365 10947.612321
848000 7.498365 10947.612321
848500 7.498365 10947.612321
849000 7.498365 10947.612321
849500 7.498365 10947.612321
850000 7.498365 10947.612321
850500 7.498365 10947.612321
851000 7.498365 10947.612321
851500 7.498365 10947.612321
852000 7.498365 10947.612321
852500 7.498365 10947.612321
853000 7.498365 10947.612321
853500 7.498365 10947.612321
854000 7.498365 10947.612321
854500 7.498365 10947.612321
855000 7.498365 10947.612321
855500 7.498365 10947.612321
856000 7.498365 10947.612321
856500 8.506031 12418.805530
857000 8.506031 12418.805530
857500 8.506031 12418.805530
858000 8.506031 12418.805530
858500 8.506031 12418.805530
859000 8.506031 12418.805530
859500 8.506031 12418.805530
860000 8.506031 12418.805530
860500 8.506031 12418.805530
861000 8.506031 12418.805530
861500 8.966922 13091.705569
862000 8.966922 13091.705569
862500 8.966922 13091.705569
863000 8.966922 13091.705569
863500 8.966922 13091.705569
864000 8.966922 13091.705569
864500 8.966922 13091.705569
865000 8.966922 13091.705569
865500 8.966922 13091.705569
866000 8.966922 13091.705569
866500 8.966922 13091.705569
867000 8.966922 13091.705569
867500 9.404981 13731.272143
868000 9.404981 13731.272143
868500 9.404981 13731.272143
869000 9.404981 13731.272143
869500 9.404981 13731.272143
870000 9.404981 13731.272143
870500 9.404981 13731.272143
871000 9.404981 13731.272143
871500 9.404981 13731.272143
872000 9.404981 13731.272143
872500 9.404981 13731.272143
873000 9.404981 13731.272143
873500 9.404981 13731.272143
874000 9.404981 13731.272143
874500 9.404981 13731.272143
875000 9.404981 13731.272143
875500 10.025863 14637.760571
876000 10.025863 14637.760571
876500 10.025863 14637.760571
877000 10.025863 14637.760571
877500 10.025863 14637.760571
878000 10.025863 14637.760571
878500 10.025863 14637.760571
879000 10.025863 14637.760571
879500 10.025863 14637.760571
880000 10.025863 14637.760571
880500 10.025863 14637.760571
881000 10.025863 14637.760571
881500 10.025863 14637.760571
882000 10.025863 14637.760571
882500 10.025863 14637.760571
883000 10.025863 14637.760571
883500 10.025863 14637.760571
884000 10.025863 14637.760571
884500 10.025863 14637.760571
885000 10.025863 14637.760571
885500 10.025863 14637.760571
886000 10.025863 14637.760571
886500 11.253174 16429.634745
887000 11.253174 16429.634745
887500 11.253174 16429.634745
888000 11.253174 16429.634745
888500 11.253174 16429.634745
889000 11.253174 16429.634745
889500 11.253174 16429.634745
890000 11.253174 16429.634745
890500 11.253174 16429.634745
891000 11.253174 16429.634745
891500 11.253174 16429.634745
892000 11.253174 16429.634745
892500 11.253174 16429.634745
893000 11.253174 16429.634745
893500 11.253174 16429.634745
894000 11.253174 16429.634745
894500 11.253174 16429.634745
895000 11.253174 16429.634745
895500 11.253174 16429.634745
896000 11.253174 16429.634745
896500 11.253174 16429.634745
897000 11.253174 16429.634745
897500 11.253174 16429.634745
898000 11.253174 16429.634745
898500 11.253174 16429.634745
899000 11.253174 16429.634745
899500 11.253174 16429.634745
900000 11.253174 16429.634745
900500 11.253174 16429.634745
901000 11.253174 16429.634745
901500 11.253174 16429.634745
902000 11.253174 16429.634745
902500 11.253174 16429.634745
903000 1.000000 1460.000000
903500 1.000000 1460.000000
904000 1.000000 1460.000000
904500 1.000000 1460.000000
905000 1.000000 1460.000000
905500 1.000000 1460.000000
906000 1.000000 1460.000000
906500 1.000000 1460.000000
907000 1.000000 1460.000000
907500 1.000000 1460.000000
908000 1.000000 1460.000000
908500 1.000000 1460.000000
909000 1.000000 1460.000000
909500 1.000000 1460.000000
910000 2.000000 2920.000000
910500 2.000000 2920.000000
911000 2.000000 2920.000000
911500 2.000000 2920.000000
912000 2.000000 2920.000000
912500 2.000000 2920.000000
913000 2.000000 2920.000000
913500 2.000000 2920.000000
914000 2.000000 2920.000000
914500 2.000000 2920.000000
915000 2.000000 2920.000000
915500 2.000000 2920.000000
916000 2.000000 2920.000000
916500 2.000000 2920.000000
917000 2.000000 2920.000000
917500 2.000000 2920.000000
918000 5.578657 8144.839426
918500 5.578657 8144.839426
919000 5.578657 8144.839426
919500 5.578657 8144.839426
920000 5.578657 8144.839426
920500 5.578657 8144.839426
921000 5.578657 8144.839426
921500 5.578657 8144.839426
922000 5.578657 8144.839426
922500 5.578657 8144.839426
923000 5.578657 8144.839426
923500 5.578657 8144.839426
924000 5.578657 8144.839426
924500 5.578657 8144.839426
925000 5.578657 8144.839426
925500 5.078657 7414.839426
926000 5.078657 7414.839426
926500 5.078657 7414.839426
927000 5.078657 7414.839426
927500 5.078657 7414.839426
928000 5.078657 7414.839426
928500 5.078657 7414.839426
929000 5.078657 7414.839426
929500 5.078657 7414.839426
930000 5.078657 7414.839426
930500 5.078657 7414.839426
931000 5.078657 7414.839426
931500 5.078657 7414.839426
932000 5.078657 7414.839426
932500 5.078657 7414.839426
933000 5.078657 7414.839426
933500 5.078657 7414.839426
934000 5.078657 7414.839426
934500 5.078657 7414.839426
935000 7.359957 10745.537177
935500 7.359957 10745.537177
936000 7.359957 10745.537177
936500 7.359957 10745.537177
937000 7.359957 10745.537177
937500 7.359957 10745.537177
938000 7.359957 10745.537177
938500 7.359957 10745.537177
939000 7.359957 10745.537177
939500 7.359957 10745.537177
940000 7.359957 10745.537177
940500 7.359957 10745.537177
941000 7.359957 10745.537177
941500 7.359957 10745.537177
942000 7.359957 10745.537177
942500 7.359957 10745.537177
943000 7.359957 10745.537177
943500 7.359957 10745.537177
944000 7.359957 10745.537177
944500 9.076353 13251.475546
945000 9.076353 13251.475546
945500 9.076353 13251.475546
946000 9.076353 13251.475546
946500 9.076353 13251.475546
947000 9.076353 13251.475546
947500 9.076353 13251.475546
948000 9.076353 13251.475546
948500 9.076353 13251.475546
949000 9.076353 13251.475546
949500 9.402965 13728.328654
950000 9.402965 13728.328654
950500 9.402965 13728.328654
951000 9.402965 13728.328654
951500 9.402965 13728.328654
952000 9.402965 13728.328654
952500 9.402965 13728.328654
953000 9.402965 13728.328654
953500 9.402965 13728.328654
954000 9.402965 13728.328654
954500 9.402965 13728.328654
955000 9.402965 13728.328654
955500 9.402965 13728.328654
956000 9.402965 13728.328654
956500 9.402965 13728.328654
957000 9.402965 13728.328654
957500 9.402965 13728.328654
958000 9.402965 13728.328654
958500 9.402965 13728.328654
959000 9.402965 13728.328654
959500 9.402965 13728.328654
960000 9.402965 13728.328654
960500 9.402965 13728.328654
961000 9.402965 13728.328654
961500 9.402965 13728.328654
962000 9.402965 13728.328654
962500 9.402965 13728.328654
963000 9.402965 13728.328654
963500 9.402965 13728.328654
964000 1.000000 1460.000000
964500 1.000000 1460.000000
965000 1.000000 1460.000000
965500 1.000000 1460.000000
966000 1.000000 1460.000000
966500 1.000000 1460.000000
967000 1.000000 1460.000000
967500 1.000000 1460.000000
968000 1.000000 1460.000000
968500 1.000000 1460.000000
969000 1.000000 1460.000000
969500 1.000000 1460.000000
970000 1.000000 1460.000000
970500 1.000000 1460.000000
971000 1.000000 1460.000000
971500 1.000000 1460.000000
972000 1.000000 1460.000000
972500 1.000000 1460.000000
973000 1.000000 1460.000000
973500 1.000000 1460.000000
974000 2.000000 2920.000000
974500 2.000000 2920.000000
975000 2.000000 2920.000000
975500 2.000000 2920.000000
976000 2.000000 2920.000000
976500 2.000000 2920.000000
977000 2.000000 2920.000000
977500 2.000000 2920.000000
978000 2.000000 2920.000000
978500 2.000000 2920.000000
979000 2.000000 2920.000000
979500 2.000000 2920.000000
980000 2.000000 2920.000000
980500 2.000000 2920.000000
981000 2.000000 2920.000000
981500 2.000000 2920.000000
982000 5.688619 8305.384304
982500 5.688619 8305.384304
983000 5.688619 8305.384304
983500 5.688619 8305.384304
984000 5.688619 8305.384304
984500 5.688619 8305.384304
985000 5.688619 8305.384304
985500 5.688619 8305.384304
986000 5.688619 8305.384304
986500 5.688619 8305.384304
987000 5.688619 8305.384304
987500 7.789634 11372.865335
988000 7.789634 11372.865335
988500 7.789634 11372.865335
989000 7.789634 11372.865335
989500 7.789634 11372.865335
990000 7.789634 11372.865335
990500 7.789634 11372.865335
991000 7.789634 11372.865335
991500 7.789634 11372.865335
992000 7.789634 11372.865335
992500 7.789634 11372.865335
993000 7.789634 11372.865335
993500 7.789634 11372.865335
994000 7.789634 11372.865335
994500 7.789634 11372.865335
995000 7.789634 11372.865335
995500 7.789634 11372.865335
996000 7.789634 11372.865335
996500 7.789634 11372.865335
997000 9.319818 13606.933711
997500 9.319818 13606.933711
998000 9.319818 13606.933711
998500 9.319818 13606.933711
999000 9.319818 13606.933711
999500 9.319818 13606.933711
1000000 9.319818 13606.933711
